<?xml version="1.0"?>
<opencv_storage>
<calibration_time>"01/25/13 11:44:53"</calibration_time>
<nframes>9</nframes>
<image_width>640</image_width>
<image_height>480</image_height>
<board_width>6</board_width>
<board_height>9</board_height>
<square_size>3.</square_size>
<flags>0</flags>
<camera_matrix type_id="opencv-matrix">
  <rows>3</rows>
  <cols>3</cols>
  <dt>d</dt>
  <data>
    9.7626647252095336e+002 0. 3.4168128742841634e+002 0.
    9.7320551416786475e+002 2.1465173419943270e+002 0. 0. 1.</data></camera_matrix>
<distortion_coefficients type_id="opencv-matrix">
  <rows>5</rows>
  <cols>1</cols>
  <dt>d</dt>
  <data>
    -8.7888579107129536e-002 -1.3272966700659270e+000
    1.9011828903594699e-003 -1.1726998939719615e-002
    8.4974340154912973e+000</data></distortion_coefficients>
<avg_reprojection_error>6.8566303896764746e-001</avg_reprojection_error>
<per_view_reprojection_errors type_id="opencv-matrix">
  <rows>9</rows>
  <cols>1</cols>
  <dt>f</dt>
  <data>
    6.08279288e-001 9.11893427e-001 5.74401379e-001 6.23122156e-001
    5.41605711e-001 8.66241395e-001 5.82714081e-001 8.96028638e-001
    3.53975803e-001</data></per_view_reprojection_errors>
<!-- a set of 6-tuples (rotation vector + translation vector) for each view -->
<extrinsic_parameters type_id="opencv-matrix">
  <rows>9</rows>
  <cols>6</cols>
  <dt>d</dt>
  <data>
    -3.9284720240157373e-001 2.2659484802715460e-001
    2.9594903067453742e+000 2.8358730529522527e+000
    1.6639147992972521e+001 7.5242943367273909e+001
    -4.4033073912355912e-002 1.4670016085061457e-001
    2.9934501532761497e+000 1.2935399180136364e+000
    1.7142848695438502e+001 8.0186590710987218e+001
    6.5798189149818442e-002 1.4244115775782165e-001
    2.9927808465482770e+000 7.5434424144801904e-001
    1.7270591622895534e+001 8.1269033930233206e+001
    7.3684042985153797e-002 1.7183726151075296e-001
    2.9932643333538147e+000 1.6441216602284843e+000
    1.7173310171631083e+001 8.1957894593041132e+001
    7.0663628438973572e-002 1.7807853562983261e-001
    2.9932458497999508e+000 2.0271549716595625e+000
    1.7126493102413576e+001 8.1958622061919229e+001
    8.5458198756889370e-002 1.7211092607811471e-001
    2.9932285075024856e+000 -4.2334877894931405e-001
    1.7665137928550298e+001 8.5318652143177161e+001
    4.0201846328975704e-001 1.8407209026470472e-002
    2.9560115102093132e+000 -1.6261399722626531e+000
    1.7933506374042796e+001 8.7814904985914154e+001
    2.1188780593357295e-001 3.9612581916550170e-002
    2.9852958714604760e+000 -7.4219732023808205e-001
    1.7730254663388031e+001 8.7187690493606780e+001
    3.1054625753925036e-001 2.8332364901502625e-002
    2.9739325975991830e+000 2.3093098017159824e-001
    1.7590015056140111e+001 8.7142559689944164e+001</data></extrinsic_parameters>
<image_points type_id="opencv-matrix">
  <rows>9</rows>
  <cols>54</cols>
  <dt>"2f"</dt>
  <data>
    3.79250397e+002 4.26703674e+002 3.41208099e+002 4.35759308e+002
    3.03346954e+002 4.43111908e+002 2.64234497e+002 4.50506348e+002
    2.25056549e+002 4.58133331e+002 1.84821625e+002 4.65805450e+002
    3.72032990e+002 3.90444061e+002 3.34226471e+002 3.97375031e+002
    2.96400360e+002 4.04296783e+002 2.57672668e+002 4.11354828e+002
    2.18741089e+002 4.18366211e+002 1.78860153e+002 4.25363525e+002
    3.64581818e+002 3.52862640e+002 3.27715851e+002 3.59063354e+002
    2.89969055e+002 3.65491577e+002 2.51511856e+002 3.72147430e+002
    2.12580032e+002 3.78517578e+002 1.72588547e+002 3.85399231e+002
    3.58087860e+002 3.14573853e+002 3.21638550e+002 3.20635315e+002
    2.83876495e+002 3.26581940e+002 2.45288879e+002 3.32747864e+002
    2.06387650e+002 3.38729462e+002 1.66485260e+002 3.44977692e+002
    3.52029205e+002 2.77099121e+002 3.15559174e+002 2.82557373e+002
    2.77709656e+002 2.88304047e+002 2.39310226e+002 2.93974457e+002
    2.00372498e+002 2.99573090e+002 1.60664108e+002 3.05378204e+002
    3.46719238e+002 2.39800018e+002 3.09923553e+002 2.44671143e+002
    2.72151917e+002 2.50133759e+002 2.33394592e+002 2.55513229e+002
    1.94522263e+002 2.60898254e+002 1.54963913e+002 2.65974182e+002
    3.40413513e+002 2.02035538e+002 3.04108643e+002 2.06626328e+002
    2.66291473e+002 2.11773529e+002 2.27655487e+002 2.16953064e+002
    1.88804352e+002 2.21959961e+002 1.49403778e+002 2.26608810e+002
    3.34318756e+002 1.66203644e+002 2.97866089e+002 1.69881042e+002
    2.60600098e+002 1.74242508e+002 2.21874710e+002 1.78938538e+002
    1.83195755e+002 1.83588760e+002 1.43896347e+002 1.88176453e+002
    3.27377289e+002 1.31861023e+002 2.91541565e+002 1.33704483e+002
    2.54611084e+002 1.37231766e+002 2.16272568e+002 1.41255310e+002
    1.77719559e+002 1.45697388e+002 1.38443436e+002 1.49911102e+002
    3.57069885e+002 4.17456604e+002 3.20531067e+002 4.27812073e+002
    2.84398956e+002 4.33212250e+002 2.48144073e+002 4.38367676e+002
    2.12152817e+002 4.43389862e+002 1.75775192e+002 4.48612366e+002
    3.51584839e+002 3.86414520e+002 3.15541779e+002 3.91666290e+002
    2.79572266e+002 3.96850952e+002 2.43077789e+002 4.02164642e+002
    2.07290619e+002 4.07383606e+002 1.71124084e+002 4.12420197e+002
    3.46438293e+002 3.50362274e+002 3.10440247e+002 3.55662994e+002
    2.74506073e+002 3.61016876e+002 2.38363373e+002 3.66158234e+002
    2.02477875e+002 3.71222565e+002 1.66199432e+002 3.76382843e+002
    3.41290924e+002 3.14250366e+002 3.05553467e+002 3.19465332e+002
    2.69268921e+002 3.24653870e+002 2.33273148e+002 3.29885895e+002
    1.97447891e+002 3.34972534e+002 1.61562378e+002 3.39897705e+002
    3.35934113e+002 2.78508392e+002 3.03411591e+002 2.84171387e+002
    2.64222412e+002 2.89062347e+002 2.28232773e+002 2.94091980e+002
    1.92617828e+002 2.99244598e+002 1.56889572e+002 3.04348846e+002
    3.30768982e+002 2.42913376e+002 2.97743622e+002 2.46979980e+002
    2.59379303e+002 2.53410461e+002 2.23338440e+002 2.58630371e+002
    1.87668304e+002 2.63651489e+002 1.52185074e+002 2.69027161e+002
    3.25620514e+002 2.07336288e+002 2.92359467e+002 2.12499481e+002
    2.54166656e+002 2.17561996e+002 2.18395218e+002 2.22957306e+002
    1.82860413e+002 2.27897400e+002 1.47797455e+002 2.33254288e+002
    3.20692871e+002 1.72596985e+002 2.85977966e+002 1.77306229e+002
    2.49420120e+002 1.82443985e+002 2.13709167e+002 1.87663712e+002
    1.78444366e+002 1.92865417e+002 1.43343674e+002 1.98211731e+002
    3.15614197e+002 1.38382874e+002 2.80334930e+002 1.43418152e+002
    2.44782074e+002 1.47929245e+002 2.09315613e+002 1.52759628e+002
    1.74441788e+002 1.58038330e+002 1.39037766e+002 1.63375168e+002
    3.50174866e+002 4.20673248e+002 3.14368347e+002 4.25817230e+002
    2.79090393e+002 4.30610779e+002 2.43814133e+002 4.35187958e+002
    2.08792587e+002 4.39797852e+002 1.73691025e+002 4.44573090e+002
    3.45089874e+002 3.85324280e+002 3.10567963e+002 3.89898132e+002
    2.74431885e+002 3.94986267e+002 2.39119614e+002 3.99808258e+002
    2.04376144e+002 4.04689758e+002 1.69284363e+002 4.09260193e+002
    3.40257019e+002 3.49766052e+002 3.07473114e+002 3.54919830e+002
    2.69718658e+002 3.59801544e+002 2.34456161e+002 3.64704315e+002
    1.99693680e+002 3.69433868e+002 1.64677689e+002 3.74174164e+002
    3.35216553e+002 3.14316559e+002 3.01869507e+002 3.18467804e+002
    2.64728119e+002 3.24316040e+002 2.29812973e+002 3.29044220e+002
    1.95173981e+002 3.34169373e+002 1.60266190e+002 3.38919800e+002
    3.30110962e+002 2.79187347e+002 2.96334229e+002 2.84281586e+002
    2.59916382e+002 2.89388733e+002 2.24868713e+002 2.94293518e+002
    1.90434311e+002 2.99311920e+002 1.56076752e+002 3.04152466e+002
    3.25046600e+002 2.44108307e+002 2.90734711e+002 2.49149048e+002
    2.55129517e+002 2.54403809e+002 2.20328415e+002 2.59482544e+002
    1.85793549e+002 2.64417328e+002 1.51458771e+002 2.69403168e+002
    3.20196228e+002 2.09076645e+002 2.84976410e+002 2.14354233e+002
    2.50271332e+002 2.19376068e+002 2.15545074e+002 2.24537415e+002
    1.81149841e+002 2.29667725e+002 1.47290680e+002 2.34641418e+002
